,cell_id,distance,channel_1,channel_2,channel_3,channel_4
0,1,8.040660955345494,550.1326335877862,526.2490458015267,150.54198473282443,242.92748091603053
1,2,8.722535527552429,527.8567415730337,574.187265917603,138.83895131086143,397.8614232209738
2,3,10.408149779187344,845.6320675105485,680.7122362869198,171.16708860759493,358.0337552742616
3,4,7.0337179464108415,562.0255591054313,470.1198083067093,135.24920127795528,328.11661341853033
4,5,7.610297907498608,616.4537987679671,495.70020533880904,138.50924024640656,253.22792607802876
5,6,10.672612689548268,973.6192139737991,977.7423580786026,210.564192139738,376.63144104803496
6,7,7.022029392947562,611.6071428571429,703.5126050420168,156.0441176470588,457.47478991596637
7,8,20.317019924872167,911.1075949367089,936.501808318264,174.4249547920434,355.2296564195298
8,9,15.974543048092055,1007.4495412844037,835.7247706422019,168.09518348623854,391.9071100917431
9,10,16.609744626610055,1010.0367924528302,815.4650943396226,188.8556603773585,364.2679245283019
10,11,18.048962880816514,1057.1586978636826,875.4577822990844,189.47304170905392,405.0020345879959
11,12,17.547023469547764,953.9009537784299,713.958180484226,150.69992663242846,478.5487894350697
12,13,8.644245126145488,629.036973344798,485.2330180567498,132.70765262252795,485.82889079965605
13,14,18.171231303945376,998.7433774834437,1039.1423841059602,173.86920529801324,409.93046357615896
14,15,8.041673017803857,625.0279126213592,562.5946601941747,152.72208737864077,391.21844660194176
15,16,8.963685193035976,654.2376306620209,678.4968641114982,142.99094076655052,272.38327526132406
16,17,10.81392093098078,693.003007518797,792.5909774436091,171.2015037593985,566.9398496240601
17,18,15.951015262563862,1103.4282460136674,927.4282460136674,184.85421412300684,469.7984054669704
18,19,20.673492277338564,979.0093131548311,825.1583236321304,158.1327124563446,435.162980209546
19,20,12.328959154559133,742.7048286604362,821.1721183800623,174.36214953271028,438.62694704049846
20,21,8.049342738111264,710.7712519319938,724.9907264296754,143.35548686244204,254.70942812982997
21,22,26.979709431542403,1018.1923318667505,706.1866750471402,165.8585795097423,476.58705216844754
22,23,27.332908760661567,1046.7385358004826,1003.8664521319389,244.33547868061143,448.60579243765085
23,24,28.581830237026665,895.57394843962,822.0108548168249,193.4362279511533,401.20691994572593
24,25,29.345874586332044,990.4876819708846,900.9792833146696,192.86786114221724,484.0940649496081
25,26,27.547952120842595,1096.5666003976144,901.5834990059642,170.84691848906562,404.40755467196817
26,27,8.321530394940181,794.6401028277635,788.6229648671808,150.14481576692373,340.27163667523564
27,28,26.53623761031742,836.1181556195966,882.2305475504322,168.5720461095101,443.4063400576369
28,29,24.51863959941187,826.9772182254196,898.4724220623501,171.63549160671462,546.1294964028777
29,30,22.358126171138885,967.9693301049233,815.5948345439871,197.4737691686844,481.2364810330912
30,31,23.00791273961917,702.8639455782313,645.4285714285714,143.22448979591837,381.58775510204083
31,32,20.722781333065026,858.5647969052225,1055.6982591876208,207.02707930367504,440.0386847195358
32,33,9.210164910359628,611.0053191489362,677.5811170212766,160.65890957446808,376.9973404255319
33,34,19.720657102816872,1045.0061559507524,994.3645690834473,223.60807113543092,393.4890560875513
34,35,26.76545709041352,892.2533333333333,820.9085714285715,168.94095238095238,391.8095238095238
35,36,27.097672298830943,881.0786416443253,790.4244861483468,191.35656836461126,450.20107238605897
36,37,6.16488707558063,490.65145228215766,484.89211618257264,131.1058091286307,456.3900414937759
37,38,38.07612962224334,1121.2064315352698,723.2728215767635,203.02697095435684,496.6192946058091
38,39,34.085895658292834,978.1105527638191,791.7437185929648,195.84020100502514,435.27638190954775
39,40,7.211574679269646,369.0889724310777,204.5563909774436,126.56265664160401,468.3408521303258
40,41,32.86258287709954,1078.8022328548645,863.8229665071771,220.43221690590113,444.2456140350877
41,42,35.458729568797885,1016.4362244897959,940.4081632653061,206.62755102040816,600.9515306122449
42,43,41.586019955413114,1281.6987839101964,998.55472404116,256.867165575304,469.066417212348
43,44,16.117981034482654,799.6387487386478,981.079717457114,188.50857719475277,446.94046417759836
44,45,28.16768261788307,1056.9579967689822,752.5169628432957,223.91437802907916,444.2891760904685
45,46,20.16182062131525,1075.2311265969802,930.4587688734031,185.9651567944251,314.49477351916374
46,47,43.29118015512162,989.142962962963,809.8844444444444,208.34666666666666,517.0918518518519
47,48,40.275699133439055,991.403162055336,855.8642951251647,187.2266139657444,517.562582345191
48,49,31.507437204359004,1089.829134720701,839.7141292442498,228.29353778751369,482.0460021905805
49,50,36.8006798876316,1280.1202380952382,1021.8369047619047,183.36904761904762,401.01428571428573
50,51,41.65677338436633,918.3727810650887,801.3431952662722,172.0094674556213,473.14437869822484
51,52,20.3966656091924,910.4847512038523,843.5666131621188,199.87640449438203,640.1171749598716
52,53,44.133082892394704,948.8667790893761,894.4030354131535,245.19392917369308,430.9055649241147
53,54,7.849016716078405,517.557003257329,571.85667752443,130.39087947882737,355.53745928338765
54,55,45.89106849320802,1210.7109557109557,861.1596736596737,240.28787878787878,380.986013986014
55,56,18.183107872244396,772.7559523809524,675.25,184.47619047619048,419.6011904761905
56,57,37.806415185862576,1083.2437050359713,658.3525179856115,200.3929856115108,447.271582733813
57,58,15.850739320393979,961.5419426048566,1080.1512141280352,209.75496688741723,390.2075055187638
58,59,31.656751906005667,1004.8366197183099,770.187323943662,254.86478873239437,471.969014084507
59,60,38.06644802021313,1081.669891172914,963.5332527206772,223.23095525997581,403.9770253929867
60,61,47.39491837758363,1214.5992115637318,852.7818659658344,177.36005256241788,429.3902759526938
61,62,49.17605976532019,1160.311797752809,759.4887640449438,245.9761235955056,408.6292134831461
62,63,20.59711749053734,753.7989247311828,682.0623655913978,174.96666666666667,451.78602150537637
63,64,28.52680067587026,1190.5352348993288,1136.0755033557048,229.8204697986577,443.73489932885906
64,65,47.18589631665645,1084.4246575342465,801.0710616438356,186.3998287671233,430.63099315068496
65,66,10.258525206087217,942.3447782546496,916.3333333333334,189.43919885550787,451.78397711015737
66,67,25.263006837261486,888.9438444924406,748.8812095032397,170.97624190064795,400.44708423326136
67,68,53.73525872969619,927.5409836065573,621.9672131147541,166.26900149031297,407.3919523099851
68,69,51.40721559705476,1162.6743295019157,769.9233716475096,170.6302681992337,507.7681992337165
69,70,41.64815124854014,1075.3910550458716,927.1949541284404,252.4954128440367,483.341743119266
70,71,53.87650090304623,1119.1655092592594,762.8032407407408,272.4675925925926,422.4988425925926
71,72,12.954914849215859,853.6791314837153,563.0603136308806,145.45476477683957,338.65741857659833
72,73,34.659884112692374,958.9648173207037,790.6420838971583,214.9079837618403,384.70500676589984
73,74,53.27030775537666,1431.1121251629727,710.7470664928292,164.03520208604954,394.76662320730117
74,75,25.066002535066968,943.519906323185,872.304449648712,209.0327868852459,358.11007025761126
75,76,38.553568366281155,1240.4054054054054,1199.945945945946,238.11655405405406,390.7567567567568
76,77,22.812192748628306,1216.7916666666667,1030.5964285714285,197.70714285714286,504.75059523809523
77,78,56.48526098184303,1202.745471877979,848.1124880838894,232.04575786463298,390.3641563393708
78,79,56.80733799757523,830.7664884135472,738.4884135472371,203.10695187165774,454.93404634581105
79,80,49.134632528942376,1206.390625,662.16796875,197.1396484375,421.3779296875
80,81,35.38588314070116,1233.6703296703297,1222.9299450549452,184.94505494505495,512.7788461538462
81,82,10.688934981338026,935.3063170441001,1016.2622169249106,154.6507747318236,640.8784266984505
82,83,32.19907189114591,1087.7586206896551,809.7958620689656,206.97241379310344,370.3448275862069
83,84,53.071909120156675,922.9280701754386,733.0842105263158,171.1421052631579,370.46491228070175
84,85,43.50321034098202,1016.2254758418741,685.068814055637,218.6866764275256,475.53733528550515
85,86,6.227149827748727,825.3834586466165,1011.1954887218045,164.56541353383457,381.6255639097744
86,87,48.87718982139986,1315.5276923076924,708.5430769230769,244.65692307692308,342.2523076923077
87,88,48.33093190482431,886.8728813559322,701.8595641646489,180.20217917675544,445.4636803874092
88,89,9.133195550138765,644.1746987951807,583.4427710843373,148.62198795180723,609.0180722891566
89,90,65.64300872403824,991.0866217516843,730.1231953801732,225.6958614051973,427.76900866217517
90,91,14.317890795498883,1114.5508241758241,1203.7252747252746,164.4368131868132,301.6703296703297
91,92,21.9117694400812,1295.4885057471265,830.6137931034483,187.41264367816092,325.8471264367816
92,93,32.37608725213642,1007.3583815028902,958.985549132948,255.2528901734104,369.79046242774564
93,94,14.368242958642774,875.8227360308285,732.0732177263969,199.83236994219652,589.1599229287091
94,95,64.33649679016007,1114.038489469862,615.3384168482207,222.06172839506172,348.01960784313724
95,96,59.503938432883594,1104.8448707256048,683.5996663886572,201.59216013344454,520.1284403669724
96,97,64.7926060931432,1123.154605263158,863.9956140350877,169.37938596491227,496.7916666666667
97,98,10.535954888508458,588.0898282694848,566.2113606340819,141.84015852047557,459.3203434610304
98,99,65.7035213628402,1026.281517747858,874.6266829865361,190.1468788249694,361.2594859241126
99,100,38.703581239098085,801.472647702407,932.1356673960613,182.9343544857768,543.0722100656455
100,101,66.57319489633505,1157.7219917012449,692.1402489626556,186.4929460580913,337.0141078838174
101,102,14.058076343818437,1074.1123287671232,783.654794520548,199.08401826484018,384.7095890410959
102,103,26.637240600473966,1257.601680672269,979.3058823529411,184.96974789915967,549.9210084033614
103,104,52.235485860184916,1024.898181818182,742.7878787878788,183.24848484848485,404.26545454545453
104,105,43.94508975476357,1045.4213564213564,824.1269841269841,181.83982683982683,369.52092352092353
105,106,56.112911173709534,1043.304347826087,733.9679633867277,181.8146453089245,461.6613272311213
106,107,63.0977176050467,1287.9748344370862,673.8052980132451,204.0728476821192,466.6887417218543
107,108,69.93883010799699,1128.4652849740933,779.4269430051813,173.65077720207253,458.55336787564767
108,109,38.3452056647049,1168.6577086280056,785.005657708628,198.3048090523338,517.8182461103253
109,110,72.52923366759897,970.2655913978494,620.3591397849463,161.7494623655914,500.71290322580643
110,111,54.793514836264094,839.6382306477093,562.7014218009479,188.08372827804106,494.50710900473933
111,112,21.185314770979833,1002.8224043715848,930.3292349726776,314.3415300546448,512.1229508196722
112,113,41.52004650781275,1105.227330779055,816.0715197956578,221.56577266922093,401.62452107279694
113,114,50.82603947963696,1160.5869894099849,867.3827534039334,188.66111951588502,371.26172465960667
114,115,62.9116025027177,1272.2462006079027,673.1438703140831,209.71833839918946,376.6859169199595
115,116,18.708871524514425,1044.0297366185216,987.3355989804588,223.66779949022938,563.8861512319456
116,117,63.078558303742966,878.8516377649325,830.4354527938343,184.1387283236994,431.97109826589593
117,118,52.00363687562898,1163.366003062787,931.7519142419602,271.3476263399694,416.10872894333846
118,119,47.93384556171453,1076.561360874848,817.6755771567437,221.23693803159173,598.722964763062
119,120,34.367270876675676,1300.6216216216217,900.8099389712293,203.74019180470793,484.5039232781168
120,121,75.64694708563891,1100.3101503759399,798.7387218045113,205.5845864661654,390.39473684210526
121,122,75.00069838095324,1124.6160815402038,777.1789354473386,200.9026047565119,425.1868629671574
122,123,74.13011561632892,921.6738816738816,584.91341991342,143.55411255411255,474.4184704184704
123,124,6.533088874797111,534.4207650273224,522.9143897996357,149.28415300546447,504.37158469945354
124,125,77.36187181726307,1200.5346358792185,626.4351687388987,175.20959147424512,464.1918294849023
125,126,31.584736500367015,884.3316326530612,813.3163265306123,230.99744897959184,418.3724489795918
126,127,68.73156019329527,1051.882255389718,602.5323383084577,213.82421227197347,425.65008291873966
127,128,12.59986616900247,1136.3302325581396,925.4279069767442,254.25116279069766,452.5472868217054
128,129,22.301483205145995,751.8827893175074,647.673590504451,142.38575667655786,400.7833827893175
129,130,71.6036251466787,920.5609137055837,372.11675126903555,154.56345177664974,542.3172588832488
130,131,8.96168148780283,646.2577903682719,652.7167138810198,133.60056657223797,408.60056657223794
131,132,61.850395256723544,885.19723183391,779.4653979238755,185.6643598615917,392.56401384083046
132,133,25.72558497958385,858.1145194274029,602.0429447852761,144.41104294478527,416.8588957055215
133,134,38.54498428178508,770.849407783418,652.0862944162436,201.53299492385787,467.6209813874788
134,135,44.622435443178475,811.2408637873754,499.25249169435216,165.7956810631229,475.51661129568106
135,136,74.20019495327132,999.0681362725451,613.1816967267869,187.86706746826988,491.9692718770875
136,137,82.62929831526957,1119.5857142857142,528.3015037593985,157.49624060150376,506.69323308270674
137,138,81.58151870052478,1333.85140562249,550.6572958500669,191.28380187416332,407.140562248996
138,139,30.392528980615285,854.2582938388625,578.3755924170616,155.56042654028437,613.9490521327015
139,140,33.321110753910816,957.1590038314176,864.9770114942529,198.25478927203065,422.48659003831415
140,141,55.07820526350714,1058.8096723868955,715.7441497659906,184.25117004680186,473.48673946957877
141,142,69.65703358773456,925.6342042755344,638.1353919239905,189.64726840855107,437.2969121140143
142,143,83.05711668409026,1187.9349514563107,581.5563106796117,153.1126213592233,422.6077669902913
143,144,68.3917755743021,1150.8678797468353,836.4090189873418,222.70965189873417,508.6598101265823
144,145,60.42124545062612,1073.3345794392524,681.4205607476636,202.18504672897197,479.414953271028
145,146,22.47202074756218,1208.5589856670342,817.8522601984564,254.53803748621831,588.4586549062844
146,147,16.82795533772859,966.6711491442543,844.8459657701711,186.5122249388753,448.5403422982885
147,148,46.49436091100255,1161.3014527845037,769.4818401937046,195.5230024213075,573.9927360774818
148,149,9.146929546577958,857.5514333895447,754.7369308600337,147.6037099494098,491.7504215851602
149,150,86.1902210558149,1292.528,779.3632,150.3776,482.464
150,151,14.254405025892797,1103.411111111111,920.0086419753086,183.1851851851852,460.84444444444443
151,152,86.78538071506995,1138.4242837653478,530.2714870395635,153.84856753069576,460.63028649386086
152,153,89.69155964720643,1312.9290407358737,548.8278580814717,162.52956636005257,345.18659658344285
153,154,81.22390079282602,861.9919246298789,588.6985195154778,184.55585464333782,433.9555854643338
154,155,55.03225052816046,955.2428160919541,695.6896551724138,215.47844827586206,581.2715517241379
155,156,36.297314498865994,737.6073500967118,665.3172147001934,133.45841392649902,331.32495164410057
156,157,64.3937862924948,868.8943488943489,651.6216216216217,218.85503685503684,389.31695331695335
157,158,32.297338843362496,969.704871060172,851.8704871060172,201.0859598853868,542.7392550143267
158,159,89.80656445797919,1155.1367521367522,652.8324786324787,154.2068376068376,482.43247863247865
159,160,60.99576295511066,1389.6683673469388,808.0573979591836,186.38647959183675,325.05357142857144
160,161,72.18210632879645,1114.9411764705883,787.0218487394958,169.2890756302521,358.7378151260504
161,162,51.56925253324047,588.8239583333333,454.53333333333336,188.95104166666667,299.09166666666664
162,163,89.59617527167907,1307.4751592356688,1237.5656050955415,173.47261146496814,470.743949044586
163,164,9.883151120470444,579.4497487437186,599.9233668341709,131.7462311557789,482.0288944723618
164,165,93.3343376445663,1193.2480211081795,672.5532102022867,165.42480211081795,439.0668425681618
165,166,45.26500825859856,1338.489932885906,727.2610738255033,210.9758389261745,498.01879194630874
166,167,88.92743099697147,1164.6283547257876,658.0880980163361,183.70770128354727,397.4924154025671
167,168,64.87118283276732,1354.539303482587,782.518407960199,230.4407960199005,510.03582089552236
168,169,23.93690374105996,1345.6230223677032,1060.8199672667758,228.03764320785598,570.5259138025095
169,170,34.99009912120772,924.4765395894428,841.5388563049853,211.36070381231673,428.9992668621701
170,171,8.31972239863818,476.0356472795497,539.6322701688555,131.96998123827393,593.8367729831144
171,172,82.55561315315519,921.8374455732946,571.5297532656023,173.44121915820028,545.3497822931785
172,173,78.13697365695938,1313.8403171007928,773.8380520951303,173.98867497168743,513.7610419026048
173,174,95.5020579090347,1255.1953125,700.6140625,183.6296875,494.0296875
174,175,9.65893297749869,778.3828032979976,745.6878680800942,163.42873969375736,476.87750294464075
175,176,71.54970914996198,1134.021439509954,600.2327718223584,161.4885145482389,433.4257274119449
176,177,26.98384421421168,972.8086463501063,919.8540042523033,183.32884479092843,451.74202693125443
177,178,55.68754691992373,785.0228758169935,434.67973856209153,170.07843137254903,523.1307189542483
178,179,52.25867649425235,891.6205493387589,526.7822990844354,193.9440488301119,519.473041709054
179,180,79.16073672513193,1036.9886731391587,708.8559870550162,168.04854368932038,517.906148867314
180,181,93.57991029902423,1063.205,595.715,174.25833333333333,500.86
181,182,101.10198402873279,1253.5737439222041,578.2528363047002,163.58346839546192,392.2852512155592
182,183,64.21484906041889,1112.359336099585,725.0497925311204,180.59170124481327,401.5435684647303
183,184,63.78277254963168,1189.792231255646,987.3080397470642,174.3884372177055,430.5528455284553
184,185,100.4588369617908,1426.820428336079,739.0263591433278,174.60955518945633,426.72817133443164
185,186,11.035331745487206,1208.5332050048123,1017.4013474494707,246.66506256015398,521.8825794032724
186,187,75.3999287306482,980.5361552028219,622.3703703703703,148.8747795414462,479.41975308641975
187,188,18.413139945154697,1100.8042328042327,959.9973544973545,182.3505291005291,477.74603174603175
188,189,98.17595279954651,896.929347826087,547.1467391304348,190.02717391304347,307.98777173913044
189,190,102.28356022625458,1187.2136294027564,862.8330781010719,153.45788667687594,404.95176110260337
190,191,48.405272621978504,891.6865203761755,620.8134796238245,179.01332288401255,421.0438871473354
191,192,89.82335953549722,1165.3135289906943,698.007874015748,175.93056549749463,497.1581961345741
192,193,54.24217307897825,954.1013597033375,531.7626699629171,177.3238566131026,398.1804697156984
193,194,106.78474683395847,1138.0133096716947,737.7142857142857,155.21827861579413,421.8047914818101
194,195,84.74709004843737,941.2947368421053,446.4221052631579,154.59157894736842,440.0673684210526
195,196,24.837465505717923,939.2245448415374,977.5185434929198,199.888064733648,423.37491571139583
196,197,73.67635191015562,905.7161084529506,537.3030303030303,155.08771929824562,439.39234449760767
197,198,9.103353548260959,613.9788583509513,644.9513742071881,163.5137420718816,603.0475687103594
198,199,36.8160133579708,879.8365079365079,838.2031746031746,235.3031746031746,454.54126984126987
199,200,13.09829689605961,815.7726737338045,900.9787985865725,167.08127208480565,373.4381625441696
200,201,64.85448721227677,931.2774566473988,568.4913294797688,208.8709055876686,394.5510597302505
201,202,80.93166521739067,1327.914651493599,801.8492176386914,182.69416785206258,458.42389758179235
202,203,85.26856331506205,950.1623762376238,512.8158415841584,147.13465346534653,407.87920792079206
203,204,101.49825204307346,990.4881450488145,565.6192468619247,155.53138075313808,355.2914923291492
204,205,94.37997100171901,752.8159057437408,557.2430044182621,172.59646539027983,303.36082474226805
205,206,43.13053873830938,1276.0204918032787,1116.799180327869,199.0655737704918,529.3319672131148
206,207,58.2752662293364,917.3470031545742,684.1198738170347,222.1377497371188,468.74553101997896
207,208,109.50748931795758,1254.5779527559055,695.6582677165354,172.45354330708662,473.0330708661417
208,209,105.04405661478545,757.7541666666667,277.2375,132.05416666666667,238.81458333333333
209,210,76.24045481072503,786.9070866141732,483.46614173228346,151.1716535433071,335.451968503937
210,211,102.69776644871774,869.7100917431193,401.0954128440367,165.67155963302753,484.62935779816513
211,212,112.49117527945985,1166.0139720558882,713.0109780439121,162.02095808383234,435.91616766467064
212,213,34.029041858819554,1186.3628659476117,885.9946070878274,222.07473035439136,595.1286594761172
213,214,24.400933867208177,1200.0376940133037,1029.009608277901,253.50258684405026,562.8810051736881
214,215,7.602594173924495,731.0530303030303,746.5227272727273,149.92748917748918,392.3192640692641
215,216,114.28745391753203,1322.9714285714285,738.7462184873949,156.12941176470588,421.3058823529412
216,217,47.39273105107436,1206.2194403534609,745.2857142857143,225.90868924889543,397.3740795287187
217,218,95.32734022480015,1187.094577553594,512.9306431273644,171.75409836065575,340.5889029003783
218,219,40.68580020416021,832.1009900990099,648.9861386138614,164.2930693069307,352.7089108910891
219,220,76.81930116458219,1108.7776193870277,886.1054882394868,168.41339985744833,409.7462580185317
220,221,58.61657720588828,1312.2990492653414,650.2523768366465,162.4961106309421,487.5514261019879
221,222,71.61818302579316,1467.6977011494253,742.8114942528736,205.20919540229886,408.39540229885057
222,223,21.32952722626213,753.2760252365931,691.6372239747634,195.05362776025237,437.1293375394322
223,224,46.45992890239289,1438.6912532637075,860.6546997389034,232.3603133159269,445.12924281984334
224,225,87.1868688213375,1194.1679174484052,558.7251407129456,174.58442776735458,404.1904315196998
225,226,81.36984621453405,1131.6941031941033,628.1756756756756,188.06633906633905,433.7113022113022
226,227,14.206746239436875,668.1043643263757,758.1252371916509,155.0474383301708,448.1840607210626
227,228,105.72595635399604,1161.6496163682864,665.4833759590792,184.74168797953965,457.4590792838875
228,229,118.26123461537095,1038.1391509433963,638.8938679245283,142.1933962264151,407.92216981132077
229,230,99.010700166719,790.0885947046843,526.6293279022403,167.27087576374745,343.26782077393074
230,231,32.57895779735044,1167.4922077922079,964.1558441558442,234.5766233766234,385.0103896103896
231,232,62.223149937265546,906.4830188679246,660.6301886792453,207.79811320754717,358.9179245283019
232,233,118.3259381830188,670.243137254902,346.18039215686275,123.63529411764706,442.98039215686276
233,234,35.71297480183578,1102.969111969112,959.0205920205921,222.06821106821107,630.6499356499356
234,235,112.42441653545048,961.158833063209,543.6839546191248,201.47811993517018,426.1815235008104
235,236,116.70808602988328,689.6787762906309,432.0172084130019,139.5717017208413,462.36328871892925
236,237,89.86244872845967,436.9307228915663,290.65060240963857,126.08734939759036,380.1475903614458
237,238,88.11254779965996,844.6160714285714,537.03125,177.86011904761904,422.92113095238096
238,239,106.4216131928991,942.0760368663595,572.3917050691244,189.3778801843318,405.53917050691246
239,240,121.98210232326201,976.3494860499266,655.2775330396476,167.76358296622612,526.9618208516887
240,241,24.111280124468866,992.9403640929065,1009.9359698681733,165.01569365976147,465.31324544883864
241,242,40.11036447048473,1071.310855263158,999.4243421052631,195.2516447368421,434.21217105263156
242,243,19.544406278414534,733.6305841924399,804.4914089347079,142.93127147766322,344.659793814433
243,244,49.15522748732908,1339.9529964747355,839.2455934195065,195.68037602820212,402.9600470035253
244,245,123.4052740028649,1042.803118908382,687.1988304093567,156.94931773879142,441.0038986354776
245,246,10.50810735025256,1043.5122448979591,857.6013605442176,196.34285714285716,553.4224489795919
246,247,121.77843819377796,1177.9381443298969,291.4810996563574,156.15635738831614,348.9896907216495
247,248,9.084803188031202,767.7464929859719,867.123246492986,157.31162324649299,388.25250501002006
248,249,62.5918490984107,1314.4613718411551,900.614440433213,223.03826714801443,452.4303249097473
249,250,59.77115477971449,987.7345971563981,781.5434439178515,184.07582938388626,406.78830963665087
250,251,126.00690180824174,588.1967213114754,419.8469945355191,131.27868852459017,562.655737704918
251,252,117.83330498329921,871.7153284671533,406.4102189781022,148.02627737226277,380.8788321167883
252,253,88.64513808626104,1003.0047961630695,770.5259792166268,223.39328537170263,412.82254196642685
253,254,69.46679688521318,1117.4203488372093,811.9017441860465,182.92209302325583,418.81337209302325
254,255,102.11533829498298,1169.9681677018634,639.7562111801242,160.59006211180125,424.1521739130435
255,256,51.40527101406404,1366.0328185328185,806.4150579150579,205.9353281853282,473.04633204633205
256,257,83.22505375848851,1127.2435064935064,633.0660173160173,166.04761904761904,451.06060606060606
257,258,35.998924077010045,1116.052027543994,875.7314460596787,221.57000765110942,517.5263963274675
258,259,131.19873565283774,1045.4422764227643,631.9349593495934,140.61951219512196,359.21788617886176
259,260,92.74451365853328,1200.2792527040315,517.1071779744346,154.69518190757128,399.646017699115
260,261,43.24079070302217,1093.2126816380448,772.8335535006605,178.21268163804493,425.6988110964333
261,262,117.52076636457625,764.6109660574413,527.5456919060052,146.7467362924282,399.91122715404697
262,263,35.27171569076318,1093.6743961352656,918.0483091787439,163.04251207729467,475.1990338164251
263,264,21.473647026321675,1185.151001540832,847.3651771956856,235.27118644067798,568.4345146379045
264,265,129.459188058656,1139.8819241982508,619.7172011661808,147.45189504373178,500.8206997084548
265,266,112.90602995146622,990.6808510638298,561.6241134751773,176.56737588652481,375.1323877068558
266,267,136.61561956256787,1156.3255813953488,725.4631782945736,152.4389534883721,546.9641472868217
267,268,12.486393245927257,1021.1343283582089,1034.5373134328358,206.017723880597,392.6194029850746
268,269,24.58598518635431,853.045054945055,979.8186813186813,171.4978021978022,488.33406593406596
269,270,56.215509276920535,1196.9071906354516,807.9498327759197,157.6438127090301,398.571906354515
270,271,80.6571382207861,1059.7733333333333,831.4711111111111,199.23851851851853,452.98962962962963
271,272,84.88783660047169,1102.6993006993007,636.486013986014,171.0262237762238,332.49475524475525
272,273,99.53570849017761,1053.0738461538463,701.0061538461539,186.20410256410256,474.37128205128204
273,274,58.60489861514578,1016.4564007421151,701.4322820037106,167.5491651205937,586.2504638218924
274,275,102.31507654442429,1068.8063829787234,615.2234042553191,178.1595744680851,510.8936170212766
275,276,42.539676896063824,1230.8619883040935,678.1263157894737,221.8736842105263,396.1169590643275
276,277,120.18617059076618,940.6405886909373,494.7707203718048,161.37877614252517,346.01394268009295
277,278,8.490116781831063,759.521563342318,969.4514824797843,156.6967654986523,519.0646900269542
278,279,110.57473942398103,1281.4498141263941,395.12267657992567,167.85997521685255,508.8004956629492
279,280,77.4070763999871,1068.9666254635351,619.2206427688504,180.76143386897405,433.1273176761434
280,281,111.63762388908458,1348.4163265306122,800.1156462585034,183.0448979591837,430.4190476190476
281,282,130.25701547795333,1361.1064891846922,649.8336106489185,165.99500831946756,465.78535773710485
282,283,9.533259826078014,560.7432605905007,673.1566110397946,177.46983311938382,514.204107830552
283,284,135.3587812220041,1004.778313253012,530.6277108433735,150.4421686746988,463.51084337349397
284,285,97.74595048384343,910.6047904191616,473.7874251497006,152.16017964071855,398.62874251497004
285,286,55.39697248525163,1140.448326055313,772.6040756914119,177.52838427947597,550.90538573508
286,287,30.28254632763987,986.5813449023861,1003.0249457700651,198.3991323210412,435.9533622559653
287,288,126.59618869305436,930.9494505494506,594.6351648351648,182.43076923076924,348.3296703296703
288,289,67.66545792265319,1129.1119005328596,700.8374777975133,180.73001776198933,439.79396092362344
289,290,81.17563896254063,1130.6919691969197,834.6281628162816,164.84268426842684,466.14081408140817
290,291,144.0884134034128,1040.309489051095,512.5664233576642,144.4773722627737,531.6554744525547
291,292,69.32646628069901,702.3413461538462,499.75,152.79326923076923,360.27403846153845
292,293,143.70196737196474,1284.3910034602077,574.1055363321799,157.8892733564014,418.11245674740485
293,294,37.96269794564203,991.3401639344262,616.9077868852459,166.38319672131146,451.9672131147541
294,295,118.27888911965698,1298.4839629365645,660.6621525302922,181.84533143264434,421.44618674269424
295,296,23.034645815911176,819.7657393850659,908.1844802342606,172.41288433382138,439.9121522693997
296,297,54.70238395228186,976.9699612403101,652.1065891472869,152.0843023255814,478.77906976744185
297,298,30.131355635848358,1452.4347826086957,940.0011441647597,178.2711670480549,385.82723112128144
298,299,46.200460248819354,1019.9357601713062,803.8979300499643,170.01356174161313,442.53961456102786
299,300,10.315533076646322,604.9036511156187,649.6359026369169,151.54868154158214,491.3529411764706
300,301,92.79761156687003,1037.7543424317619,503.2239454094293,197.83126550868485,419.02357320099253
301,302,10.158882123130951,645.960359012715,716.5377711293942,157.1824981301421,522.4465220643231
302,303,71.66569216684309,1159.049113233288,760.4897680763984,181.77353342428376,501.2019099590723
303,304,131.999743291586,1167.7252747252746,661.0586080586081,141.51282051282053,370.6862026862027
304,305,128.84829264550984,985.0930537352556,565.653997378768,151.77457404980342,313.98689384010487
305,306,114.12088755989215,1193.9032738095239,751.1830357142857,154.13541666666666,470.32142857142856
306,307,102.66022939578517,1118.189811010682,606.5053410024651,186.3377156943303,426.6622843056697
307,308,147.06710139828763,927.9368421052632,613.8315789473684,132.8140350877193,454.7578947368421
308,309,19.92160082496786,1209.9026634382567,1130.7433414043583,219.636803874092,432.79757869249397
309,310,105.00049355414605,846.8991354466859,478.35734870317003,171.30835734870317,579.135446685879
310,311,93.08097745971202,817.2896405919662,536.3974630021141,150.2431289640592,322.79281183932346
311,312,143.27078752451172,994.190099009901,581.8732673267327,144.1089108910891,362.6118811881188
312,313,143.89018807560447,1174.9434782608696,857.6695652173913,159.6782608695652,403.8521739130435
313,314,83.54041841251198,1036.437751004016,573.5100401606426,156.89558232931728,470.2048192771084
314,315,63.01131786743716,1006.364185110664,500.43259557344066,174.11871227364185,502.7404426559356
315,316,38.412028839146316,999.3455598455598,642.7403474903475,204.5453667953668,460.51640926640925
316,317,15.080916554816165,751.4407766990291,598.7941747572816,131.3126213592233,409.0194174757282
317,318,152.73592163010613,1377.4980940279543,555.1728081321475,136.18170266836086,470.9796696315121
318,319,25.555265813957504,881.5490797546013,929.1339468302658,158.10327198364007,386.38241308793454
319,320,111.17718540672621,1131.6447140381283,622.7261698440208,164.50259965337955,503.88388214904677
320,321,102.01594371058636,1092.0430107526881,625.5244922341697,161.89127837514934,370.4922341696535
321,322,35.974603241768534,774.2704791344668,827.8979907264297,217.2241112828439,432.4868624420402
322,323,70.37869214106163,1149.1007751937984,659.3779069767442,208.1996124031008,503.8158914728682
323,324,123.79608526607706,1210.7463126843659,656.566371681416,149.80973451327435,448.8480825958702
324,325,80.4597091008754,1151.6433566433566,814.1282051282051,177.56876456876458,453.997668997669
325,326,140.64133773179122,537.3393316195372,267.3753213367609,123.07969151670952,407.4730077120823
326,327,144.17004765411895,1250.1155778894472,626.5376884422111,165.41834170854273,424.40452261306535
327,328,146.25860162930297,671.016393442623,358.73770491803276,124.63934426229508,373.40046838407494
328,329,127.01105210121285,1142.2751540041068,646.6457905544148,189.10574948665297,490.6211498973306
329,330,77.43403722965866,1123.4069264069265,706.2619047619048,153.4729437229437,409.91883116883116
330,331,63.89675333001135,917.5467741935483,627.9354838709677,138.43064516129033,367.8016129032258
331,332,115.42154311062068,1105.5972434915773,488.78713629402756,131.7075038284839,344.1209800918836
332,333,56.858182966741026,950.4011406844106,648.0760456273764,184.52091254752852,461.72813688212926
333,334,155.88729541482246,1113.0509554140128,665.5907643312102,156.43789808917197,463.1480891719745
334,335,9.499750390893615,700.8791390728477,842.8377483443709,157.18046357615893,483.5331125827815
335,336,152.89245626551374,978.0675241157556,596.9967845659164,132.57877813504822,347.94533762057875
336,337,159.84894178199414,1145.9868708971553,544.6498905908096,137.74398249452955,458.9190371991247
337,338,84.45862999020738,1094.8016666666667,553.565,147.3,358.41
338,339,130.48968321382412,1299.8098987626547,467.2609673790776,143.32845894263218,314.9617547806524
339,340,48.34867769829961,1157.558197747184,929.1314142678348,268.9436795994994,377.11764705882354
340,341,135.45569275250827,885.1032702237521,522.4647160068847,140.82444061962136,290.35972461273667
341,342,25.120893293366095,1148.5901467505241,759.374213836478,213.14675052410902,438.8165618448637
342,343,92.20084519023014,994.4969053934572,631.3015030946066,177.7577365163572,377.7391688770999
343,344,19.33290869647686,850.2265306122449,976.1204081632653,201.68571428571428,327.365306122449
344,345,35.935635645518204,941.6344621513945,749.8735059760957,228.70717131474103,519.941235059761
345,346,112.28865653987427,1357.830540037244,753.391061452514,146.51024208566108,337.30633147113593
346,347,140.68698490153523,621.3409490333919,284.32513181019334,121.20210896309315,244.19156414762742
347,348,49.84271228376797,1100.9033333333334,835.3755555555556,237.4988888888889,486.8433333333333
348,349,12.83054690134898,854.5394736842105,824.953947368421,178.9078947368421,414.31315789473683
349,350,144.2410905471498,1434.2813455657492,666.8256880733945,169.05963302752295,523.2859327217126
350,351,102.50190232694085,1192.0832713754646,611.1814126394052,156.56802973977696,393.0877323420074
351,352,67.31706915259684,1091.4152626362736,871.6739345887017,170.74727452923688,451.85133795837464
352,353,149.09231872873872,1221.4989200863931,534.9222462203023,143.34341252699784,479.5075593952484
353,354,36.283882393651446,952.132834424696,857.8400374181479,192.99812909260993,506.7315247895229
354,355,73.66243224281567,881.9271948608138,581.7665952890792,166.31905781584584,381.5074946466809
355,356,66.57216990810362,1076.6312849162011,692.8379888268156,183.52327746741153,486.1266294227188
356,357,80.19302319729023,771.9746031746032,510.1253968253968,141.95714285714286,265.8015873015873
357,358,127.6846188222382,1029.4152046783627,868.9454191033138,172.42884990253413,482.1578947368421
358,359,90.52327824034151,1095.408142999007,552.0009930486594,156.69116186693148,353.4687189672294
359,360,155.3640457714897,845.7182741116751,496.28426395939084,135.9771573604061,459.6776649746193
360,361,121.10458245209661,1093.8857142857144,778.4453781512605,156.69243697478993,417.9848739495798
361,362,79.21666364342653,1143.0778485491862,679.3361641896673,197.92852087756546,473.0056617126681
362,363,22.954198096091506,879.2904191616766,927.1626746506986,187.93413173652695,417.42215568862275
363,364,46.072023710375106,1046.7840199750312,906.2846441947565,196.478152309613,458.4082397003745
364,365,9.876688723787685,608.6413502109705,779.42194092827,151.10759493670886,428.8523206751055
365,366,131.8177578376251,1053.608,716.572,150.47,494.302
366,367,45.89221043398071,1364.5131440588855,812.0042060988433,202.66666666666666,394.12092534174553
367,368,151.46905903700002,1257.3938679245282,607.061320754717,149.84198113207546,550.7169811320755
368,369,59.720311182106705,903.4962962962964,790.1777777777778,155.09382716049382,611.232098765432
369,370,21.7578722193682,1145.9243498817966,824.2600472813239,189.0437352245863,466.78486997635935
370,371,72.26549153239864,1187.869304556355,760.0983213429257,175.8021582733813,459.18465227817745
371,372,33.38557938379033,1215.2662517289073,1028.02489626556,254.85408022130014,444.31811894882435
372,373,153.29199928487256,1137.0341685649203,463.95671981776763,140.15717539863326,539.9088838268792
373,374,9.470149795065835,582.8798842257597,570.3654124457308,137.34587554269174,350.5499276410998
374,375,141.29530316652003,850.6469298245614,503.9583333333333,128.89912280701753,471.765350877193
375,376,134.3849837742644,1086.4776951672864,612.2416356877324,157.29368029739777,355.24907063197026
376,377,133.50204146091346,1169.765478424015,939.2757973733584,173.90243902439025,490.3470919324578
377,378,89.1571906718943,1222.4865900383143,643.0632183908046,155.1302681992337,524.095785440613
378,379,11.094032349893123,774.402004454343,964.4922048997773,148.7839643652561,359.0
379,380,117.19670710188372,1277.1471885336273,717.1345093715546,156.242006615215,445.0672546857773
380,381,108.36480565457067,1021.1568938193344,477.0459587955626,147.9096671949287,384.73058637083994
381,382,69.26740885800346,1139.1459024159167,657.106584557082,184.70772145902416,431.37280909521553
382,383,37.170646155433815,875.7528089887641,923.9805924412666,233.65577119509703,481.1746680286006
383,384,143.56000895536462,978.829181494662,431.98576512455514,130.5729537366548,461.6868327402135
384,385,100.51564685891915,1301.2937062937062,764.2307692307693,230.54312354312356,425.3752913752914
385,386,122.49380455511672,1129.110576923077,732.7660256410256,166.1153846153846,515.9471153846154
386,387,115.61486494016872,1275.4173354735153,564.5922953451044,149.21669341894062,372.97592295345106
387,388,144.62902314688154,1281.375796178344,687.3197452229299,141.0700636942675,423.42929936305734
388,389,93.13222227535616,1254.638888888889,999.4431818181819,223.56060606060606,445.5530303030303
389,390,22.391775713336752,803.8349249658936,746.4911323328786,177.25238744884038,387.56343792633015
390,391,93.8259007090761,1093.8402777777778,523.3356481481482,150.15509259259258,389.39351851851853
391,392,77.79940499903786,1189.59792166267,854.1278976818545,188.25819344524382,453.42046362909673
392,393,145.5170533961508,1279.70395480226,744.7898305084746,145.21581920903955,406.79774011299435
393,394,47.82529720783255,1103.7273276904475,844.1082224909311,174.30350665054414,449.26420798065294
394,395,19.37848053913727,1083.6560574948664,984.0369609856263,201.78952772073922,421.71868583162217
395,396,135.44930359830846,1404.0363849765258,796.4154929577464,142.76760563380282,373.0093896713615
396,397,142.95935334486725,760.9391634980989,456.084917617237,127.67680608365019,378.638783269962
397,398,127.1508190879328,783.8993610223642,592.4025559105431,136.75079872204472,404.685303514377
398,399,125.66621342002647,1375.7555847568988,778.6281208935611,145.85939553219447,441.93823915900134
399,400,62.584457631379905,1097.5804195804196,648.5364635364635,186.37162837162836,414.1058941058941
400,401,109.20422911724819,994.9524590163934,566.6,142.48688524590165,311.2139344262295
401,402,116.44813440103876,1324.4326579261026,630.5435041716329,153.31108462455305,465.4076281287247
402,403,29.93611238531076,908.9929577464789,877.3408450704226,202.10422535211268,412.2760563380282
403,404,6.356867656978081,497.73280423280426,688.6825396825396,165.77777777777777,391.8121693121693
404,405,42.406215818869995,718.2695810564663,767.1275045537341,162.1566484517304,624.4225865209472
405,406,90.77853949322031,1136.926966292135,554.8398876404494,162.8188202247191,457.80477528089887
406,407,77.43619077781588,1125.1844589687728,721.0922294843864,171.10530137981118,484.8075526506899
407,408,130.5116481209575,1456.581419624217,521.5073068893528,166.73590814196243,342.05532359081417
408,409,99.31578517013351,1130.3433544303798,742.5268987341772,163.57753164556962,430.62025316455697
409,410,31.626795769394434,1129.4032451923076,833.0841346153846,221.72716346153845,490.1670673076923
410,411,139.61840041205866,1245.8839869281046,539.2892156862745,136.34150326797385,522.3186274509804
411,412,13.87489979161602,717.065469904963,1014.0749736008448,146.519535374868,321.6378035902851
412,413,76.34371549047898,1156.9689011748444,674.426399447132,216.84519695922597,480.6931582584658
413,414,121.2708821884441,1421.8100511073253,693.3339011925043,154.82112436115844,361.6022146507666
414,415,59.58453571443379,753.3076923076923,538.4358974358975,209.6039886039886,548.6752136752136
415,416,133.11292357620266,829.1197183098592,648.25,152.64084507042253,305.6725352112676
416,417,15.902547743650326,1018.5809601301871,863.1415785191213,204.28234336859236,459.7851912123678
417,418,53.603101899629834,963.5068359375,766.447265625,180.9140625,485.43359375
418,419,136.3349945965145,1033.5204678362572,547.3099415204679,147.34892787524367,443.6296296296296
419,420,87.9315966463763,1241.8506600660066,470.7970297029703,177.6641914191419,470.44224422442244
420,421,47.28512450141604,881.8672645739911,634.8448430493273,194.78744394618835,538.5318385650224
421,422,62.05787404070569,1125.4677069787604,625.864325964456,204.87342869527524,431.0931946250542
422,423,100.57548844551464,1169.8754098360655,633.0091803278689,152.98426229508198,449.4229508196721
423,424,31.625826298032262,1017.8635968722849,984.9617723718505,175.68462206776715,478.19113814074717
424,425,111.69762683406299,1248.924040066778,585.1853088480801,153.45659432387313,368.085141903172
425,426,96.54822487674977,1294.6406491499226,725.8122102009273,175.44976816074188,419.6514683153014
426,427,88.47163484277074,1273.295124037639,641.71000855432,154.6261762189906,371.39093242087256
427,428,114.26676396284351,723.2171628721541,528.5288966725044,154.8739054290718,372.90017513134853
428,429,44.90608636205143,1115.2146341463415,545.7333333333333,183.1739837398374,429.9951219512195
429,430,129.28956724495626,1164.3324324324324,456.6081081081081,164.58513513513515,427.87567567567567
430,431,129.62277020556846,1316.0406824146983,645.5721784776903,164.23753280839895,369.3293963254593
431,432,22.243589727399005,792.6083916083916,738.1643356643357,183.3111888111888,488.83916083916085
432,433,127.87346578393084,1333.6309278350516,542.680412371134,168.00824742268043,416.62680412371134
433,434,55.33118829378455,848.1179487179487,423.075641025641,171.93846153846152,631.8230769230769
434,435,7.533960971861905,617.9956647398844,456.57947976878614,132.57080924855492,299.14306358381504
435,436,24.54628111718207,988.8259109311741,915.0131578947369,208.19736842105263,401.0495951417004
436,437,33.974527033803966,973.0503937007874,704.9165354330709,207.84094488188975,473.0314960629921
437,438,66.68239422676807,1346.2330677290836,788.2689243027888,183.81972111553785,422.7938247011952
438,439,8.016943049906184,445.8115746971736,468.90174966352623,129.30551816958277,561.6379542395694
439,440,83.80067862256924,982.8222222222222,619.9283950617285,187.14074074074074,528.279012345679
440,441,102.86372008596574,846.8251121076233,536.7847533632287,134.14349775784754,365.7847533632287
441,442,30.273031532631645,914.9557680812911,836.2127913927077,217.49731022115958,483.2384937238494
442,443,65.37561876384538,1174.3204005006257,711.1821026282854,176.877972465582,428.44117647058823
443,444,103.34193163486903,1169.4496453900708,591.7659574468086,155.39432624113476,342.554609929078
444,445,74.90392334502,1345.37304964539,653.0326241134752,171.76170212765956,428.2950354609929
445,446,42.137451066393155,1221.1885625965997,1006.0278207109737,277.57341576506957,602.3431221020093
446,447,15.518126011316667,961.5881118881119,714.0405594405595,227.65874125874126,430.15384615384613
447,448,119.05986235000495,1315.5462114904246,503.2014987510408,161.744379683597,569.8984179850125
448,449,77.23987469358592,1049.176876617774,682.1354616048318,175.94391716997413,404.5798101811907
449,450,120.59944028345372,1269.346878097126,665.0109018830525,163.798810703667,420.86620416253714
450,451,40.83258562244271,1063.8714613618974,676.2264728385616,215.51798010711553,416.3282325937261
451,452,56.04651919688284,782.6286764705883,551.7463235294117,156.31985294117646,558.4191176470588
452,453,92.16090600127976,1399.2407614781634,803.979843225084,156.48264277715566,393.0963045912654
453,454,89.36237825191921,1162.1064718162838,675.6617954070981,148.45302713987473,432.1732776617954
454,455,104.05687258077552,1238.4264705882354,706.0955882352941,156.20220588235293,516.3584558823529
455,456,74.6021459007498,1333.6661698956782,375.6646795827124,174.602086438152,491.0178837555887
456,457,119.27374393848291,1225.5627376425855,652.3523447401774,156.60709759188848,521.1001267427123
457,458,81.91671430796566,852.3523956723338,457.9412673879444,143.8114374034003,418.97527047913445
458,459,35.32652256304771,1341.7490842490843,1045.0320512820513,228.83333333333334,590.5558608058608
459,460,112.95772547715163,1335.1215753424658,719.5924657534247,148.74058219178082,479.8125
460,461,23.179658760304555,979.4218258132214,866.6259181532005,197.19464847848897,517.3583420776496
461,462,11.421060957432662,893.0540540540541,979.1533490011751,160.12984723854288,387.524089306698
462,463,112.54491233291353,1239.670143415906,558.941329856584,148.77444589308996,448.6205997392438
463,464,45.91112895890232,886.4123222748815,734.2274881516588,218.1563981042654,492.41469194312793
464,465,75.86264368735291,1217.8463356973996,777.2517730496454,194.5886524822695,457.59929078014187
465,466,119.88758861574448,875.6936708860759,479.69113924050635,139.75443037974682,289.6151898734177
466,467,89.08892758765786,1096.4259501965923,574.8112712975098,148.36959370904324,327.7391874180865
467,468,96.03412134854734,844.6695464362851,492.34125269978404,132.76025917926566,214.76025917926566
468,469,63.28978955084532,1260.9243570347958,745.1633888048411,147.3267776096823,462.0484114977307
469,470,107.05627809401935,1398.5975903614458,708.1590361445783,157.33493975903613,635.0192771084337
470,471,50.010346459202864,882.227027027027,584.8162162162162,189.04144144144144,383.96036036036037
471,472,114.67024670248124,1250.9206106870229,750.6961832061069,147.23664122137404,454.71603053435115
472,473,97.5419749419863,1221.0102827763496,736.7390745501285,177.62339331619538,343.2634961439589
473,474,64.11068107618354,1216.5504322766571,741.6239193083574,161.3371757925072,390.71469740634006
474,475,46.28660140108835,1171.3756855575868,738.6416819012798,184.55484460694697,380.8199268738574
475,476,83.90752611379507,983.1691449814126,658.1524163568773,173.92936802973978,420.7825278810409
476,477,76.47324497965008,1039.5336734693878,739.2755102040817,156.2173469387755,363.7908163265306
477,478,104.6503324178646,1134.4068716094032,745.6998191681736,150.71609403254973,467.5660036166365
478,479,102.3553555923625,1033.7077464788733,626.1355633802817,150.73415492957747,464.26232394366195
479,480,61.88080813090408,1112.0447154471544,635.930894308943,224.3191056910569,453.4786585365854
480,481,49.791073119857394,940.8939929328621,666.2791519434629,183.6660777385159,383.74028268551234
481,482,109.30970645433025,1229.5977337110482,513.8328611898017,143.58356940509915,453.957507082153
482,483,71.87519161422574,1143.4426369863013,593.3133561643835,175.4888698630137,457.035102739726
483,484,93.4741707900691,1185.279212792128,481.5092250922509,157.42312423124233,400.3923739237392
484,485,27.043898233164278,1213.8566810344828,1009.6901939655172,238.35129310344828,558.1481681034483
485,486,55.315265582932824,936.2309941520468,597.188596491228,164.5248538011696,367.54824561403507
486,487,109.83667996055556,1047.3265993265993,594.0353535353536,137.1026936026936,459.4023569023569
487,488,108.0898883893154,1177.9857142857143,743.638775510204,150.07551020408164,415.5265306122449
488,489,10.606378560637896,671.1466314398943,757.1453104359313,143.90224570673712,469.50330250990754
489,490,37.79256675296496,1163.248785228377,656.5869776482022,193.11273080660837,523.1078717201166
490,491,105.38778684144702,1327.0424403183024,707.6958443854995,206.0397877984085,434.16445623342173
491,492,66.20166187496964,1083.2822784810126,844.7126582278481,218.04177215189873,453.5518987341772
492,493,8.660662673571089,739.0406342913776,714.8176412289396,157.85431119920713,359.5470763131814
493,494,106.06570966794341,1187.4652996845425,813.7602523659306,162.47160883280756,369.794952681388
494,495,95.73428085143357,1137.9103392568659,770.2269789983845,160.45072697899838,481.032310177706
495,496,16.866580196641795,563.9811827956989,686.4381720430108,164.03225806451613,519.9086021505376
496,497,26.114479384945028,1118.2128129602356,963.320324005891,186.96465390279823,474.86966126656847
497,498,79.41752500037059,1075.0371720116618,545.7791545189505,160.43440233236151,389.68950437317784
498,499,12.37957683985465,852.0788643533123,966.2712933753943,172.25131440588854,401.96740273396426
499,500,100.20912172546791,1050.0532407407406,545.4537037037037,152.15277777777777,392.80555555555554
500,501,76.47625486411802,1313.9456721915285,720.8646408839779,183.52854511970534,510.63720073664825
501,502,43.50536932147996,1099.7021604938273,873.5447530864197,171.3858024691358,350.74845679012344
502,503,97.50110421689895,1325.193347193347,745.3388773388773,230.93139293139293,650.2349272349272
503,504,35.748355681779124,1243.7520661157025,870.902479338843,163.31239669421487,424.6545454545454
504,505,53.072402914560726,1185.7633136094676,499.93096646942803,147.00986193293886,372.0453648915187
505,506,102.01486329008547,946.8885448916409,521.9767801857585,158.21362229102166,581.921052631579
506,507,42.632196098009125,761.1643835616438,655.6742770167427,180.3455098934551,550.2876712328767
507,508,36.65448881289116,854.621686746988,714.9265060240964,196.7277108433735,606.1265060240963
508,509,93.56291541076826,1206.0076219512196,673.1173780487804,155.6189024390244,342.4146341463415
509,510,88.42308075990803,1183.7378917378917,777.3646723646724,145.87749287749287,508.04131054131057
510,511,46.695033365247824,1129.5572327044026,612.714465408805,169.37106918238993,407.20754716981133
511,512,57.780086874739986,1008.4890939597316,641.7793624161073,218.80620805369128,436.28942953020135
512,513,95.56413935188876,1308.7475209763538,840.996948893974,194.82608695652175,410.1144164759725
513,514,68.2353984276752,1087.301043219076,666.7540983606557,180.69746646795826,460.7660208643815
514,515,6.849118032454644,772.0331695331695,913.6277641277642,145.96928746928748,577.8918918918919
515,516,96.74247084852357,1195.0180327868852,736.9754098360655,181.95409836065573,423.41803278688525
516,517,53.132019635821884,1323.6855123674911,827.6968197879859,187.6904593639576,451.8233215547703
517,518,26.969409273823885,902.4776357827476,678.7444089456869,183.73162939297126,450.05750798722045
518,519,97.40105368732488,839.7627906976744,706.4720930232559,170.4279069767442,599.0046511627907
519,520,83.92201342296268,1336.9465983906364,746.0914411119239,170.80907095830284,447.0512070226774
520,521,78.07315753543241,1287.4169096209912,752.7745383867833,179.6550048590865,486.1865889212828
521,522,62.993654335836354,1295.8246187363834,877.1546840958606,172.9161220043573,519.5631808278868
522,523,33.22044091146844,1227.230961298377,893.7265917602996,165.5880149812734,540.2059925093633
523,524,27.904907361624087,1074.0677009873061,798.9513399153738,202.48589562764457,537.5296191819464
524,525,12.141119274509899,956.150406504065,868.8587398373984,190.8109756097561,459.0802845528455
525,526,37.81326255365751,954.8787878787879,760.157196969697,177.45833333333334,493.8181818181818
526,527,60.74169425829907,1259.3054695562435,907.0546955624355,187.85345717234262,408.57378740970074
527,528,80.47970651661223,990.748275862069,596.7034482758621,161.8896551724138,352.5689655172414
528,529,17.502771849858867,1000.3286540049546,1102.8323699421965,163.01073492981007,451.26424442609414
529,530,9.565365057903914,1027.9268774703557,872.0691699604743,151.67490118577075,365.87648221343875
530,531,89.94511219617414,1063.2826552462527,718.625267665953,164.83297644539616,496.2291220556745
531,532,67.45866491490978,1036.724849527085,757.2648323301805,225.3482373172829,447.0025795356836
532,533,86.20619352067308,992.1338090990188,534.4959857270294,143.23461195361284,458.67172167707406
533,534,43.56980169394772,1131.0686406460295,881.2039030955585,176.87685060565275,449.2422611036339
534,535,70.11740323788904,891.1573275862069,380.7219827586207,143.27586206896552,415.23922413793105
535,536,83.21452337432056,1103.0245901639344,800.5464480874317,148.04508196721312,342.62841530054646
536,537,89.91845695981341,1026.9768041237114,721.8840206185567,145.48324742268042,430.8015463917526
537,538,87.10468038600206,1194.8833746898263,854.4019851116625,157.43424317617865,501.454094292804
538,539,15.850789658915687,1048.4335038363172,981.148337595908,208.15217391304347,405.6125319693095
539,540,73.43017339352578,1194.7985611510792,667.4712230215828,152.62829736211032,439.8776978417266
540,541,51.09346860439202,1077.783647798742,721.2515723270441,175.66792452830188,360.64528301886793
541,542,31.42552442272302,1024.9527856468367,879.4608120868744,190.14636449480642,429.24645892351276
542,543,27.925740006333825,1161.1798882681564,894.1798882681564,204.09608938547487,504.9050279329609
543,544,52.90665712235056,1133.6927710843374,1005.5275387263339,206.24956970740104,404.18674698795184
544,545,68.67800035977298,1252.9481865284974,816.5336787564767,186.35038860103626,475.3769430051814
545,546,35.43846376111318,952.4415475189235,782.026913372582,236.96972245584524,450.20437342304456
546,547,7.201773881183275,873.3613231552163,755.6030534351145,162.03307888040712,279.51145038167937
547,548,77.25574402555584,1368.2065972222222,699.7534722222222,249.37847222222223,470.83680555555554
548,549,73.53242067973515,1361.6552962298026,935.7612208258528,170.93357271095152,456.5188509874327
549,550,73.24035145968394,1135.1241379310345,615.0183908045977,149.36091954022987,504.71954022988507
550,551,80.08354429961308,1288.7553101104504,747.2778249787596,202.7247238742566,459.02548853016145
551,552,80.48602393111204,1305.7864661654135,710.6631578947369,181.10977443609022,394.6300751879699
552,553,77.27078334151929,1110.5255591054313,710.5894568690096,173.2188498402556,511.4712460063898
553,554,57.26443819114366,1207.3440320962889,745.4092276830492,211.97492477432297,479.0310932798395
554,555,20.083165998687335,1093.440226171244,1066.6203554119547,230.20355411954765,385.7011308562197
555,556,71.92557137910408,1158.3291666666667,617.8395833333333,142.04583333333332,445.35
556,557,78.95513332933339,1346.944572748268,671.3048498845266,189.28752886836028,364.58198614318707
557,558,73.66623402352644,1326.2659478885894,742.1581311769991,198.51482479784366,393.92362982929023
558,559,40.99478777140545,813.5,694.1515151515151,176.4570707070707,498.32828282828285
559,560,40.47691517509202,1045.7196652719665,911.726359832636,204.22426778242678,440.5146443514644
560,561,9.964241682811734,954.8094885100074,899.5730170496664,227.57672349888807,403.1430689399555
561,562,24.35261922997404,894.1989528795812,862.3979057591623,223.94240837696336,408.24083769633506
562,563,76.59196572007984,1328.5811138014528,792.4273607748185,157.6089588377724,437.5823244552058
563,564,52.99556661652499,1205.0549943883277,890.0241301907969,187.6919191919192,417.48428731762067
564,565,62.7758344675471,1159.216049382716,646.7952674897119,167.3230452674897,369.2088477366255
565,566,61.57546383756164,1185.3636363636363,842.2611218568666,204.88007736943908,337.6808510638298
566,567,69.59625003150826,1233.174078780178,868.7496823379923,235.2884371029225,512.2020330368488
567,568,68.78681809412946,1272.8410381184103,769.2197891321979,178.12976480129765,387.1273317112733
568,569,12.65854135804951,697.5502392344498,656.3947368421053,166.25358851674642,500.1124401913876
569,570,8.901217027209567,821.8901960784314,731.3058823529411,163.0441176470588,452.4362745098039
570,571,62.96224458322729,1359.7728706624605,807.5888538380652,220.42271293375396,391.70452155625657
571,572,70.09284847957086,1241.0868465430017,826.7504215851602,157.0,379.97976391231026
572,573,72.07377114885101,1417.390977443609,912.4724310776942,164.1140350877193,457.47744360902254
573,574,33.09162624794681,979.875234521576,832.1951219512196,189.71294559099437,498.2636022514071
574,575,13.124256691160582,1081.6507483962937,1078.9586600142552,180.06272273699216,436.0185317177477
575,576,46.120152019267856,1376.1825023518345,761.5587958607714,215.0460959548448,457.6876763875823
576,577,72.40503561278321,1174.6932989690722,793.2577319587629,240.08505154639175,532.9819587628866
577,578,23.03627960545535,1023.224155578301,898.0522006141249,201.007164790174,488.4984646878199
578,579,62.099430897678516,1071.462857142857,732.2019047619048,166.77904761904762,506.5314285714286
579,580,59.756487641049006,969.7863894139887,829.7448015122874,159.20793950850663,467.47448015122876
580,581,30.8131371022533,934.9341126461211,1152.7492029755579,196.8097768331562,391.05313496280553
581,582,67.637943829542,1393.1850467289719,957.6934579439252,153.26728971962618,392.21308411214955
582,583,36.736714554691765,1097.917004048583,739.8744939271255,149.29757085020242,408.7408906882591
583,584,39.87364957977512,1230.2714097496705,884.5111989459815,203.94993412384716,471.9881422924901
584,585,51.410376672585606,1187.8512110726645,869.0259515570934,169.159169550173,350.7257785467128
585,586,66.13123241725471,1314.6027131782946,826.7848837209302,163.9670542635659,403.08527131782944
586,587,66.65366424622685,1166.4272300469484,1014.1298904538342,190.5696400625978,500.53051643192487
587,588,57.42306215337377,1219.5554511278197,838.0300751879699,181.17387218045113,422.88345864661653
588,589,52.181301894717585,1222.0340557275542,839.2925696594427,156.95820433436532,439.68188854489165
589,590,54.77870679957176,1230.1898305084746,856.4135593220338,235.47118644067797,430.5322033898305
590,591,48.49569373021648,1376.5452418096725,1001.0327613104524,232.62090483619346,456.82605304212166
591,592,20.19687571952383,1079.2091917591126,1000.3621236133122,178.3581616481775,505.175911251981
592,593,9.132488144034408,808.7021276595744,1002.7132284921369,184.25901942645697,364.54394079555965
593,594,55.03665772634041,1213.3762886597938,710.7245131729668,162.17182130584192,472.4410080183276
594,595,57.72987546287187,1306.1552567237163,674.0611246943765,203.80195599022005,478.61491442542786
595,596,61.19684882199521,1010.2357142857143,682.4333333333333,159.82619047619048,473.14285714285717
596,597,9.177680350747233,1129.9081364829397,893.5398075240595,169.4698162729659,347.0813648293963
597,598,32.85080566463795,1173.0,939.4464609800362,260.9355716878403,516.0535390199638
598,599,60.75306140938153,1284.3920863309352,864.2841726618705,193.4568345323741,382.1456834532374
599,600,59.564644330709456,1078.2013574660634,708.2579185520362,193.95248868778282,393.18099547511315
600,601,40.03850924044477,1019.6255924170616,838.7345971563981,221.9845971563981,507.53909952606637
601,602,24.81818374605269,895.2345013477089,643.9649595687332,175.71159029649596,519.3571428571429
602,603,55.376504976009116,1254.555358724535,771.2320637732506,192.02302922940655,443.1939769707706
603,604,49.64084865970404,1239.206398996236,970.8902132998745,193.94040150564618,469.8387703889586
604,605,56.47854570817351,1122.483709273183,710.610275689223,193.02631578947367,449.9035087719298
605,606,15.232874990346227,779.2057842046719,839.4160177975529,156.78197997775305,419.0956618464961
606,607,27.88016005384064,1131.3419847328244,800.0664122137405,190.6442748091603,624.3664122137404
607,608,39.56127986729133,948.2574626865671,900.8196517412936,187.61069651741295,610.5199004975125
608,609,35.70783082116563,1099.313962873285,905.7691686844229,187.77158999192898,600.8014527845037
609,610,43.46217847974795,1119.7892670157069,855.5693717277487,194.13089005235602,453.3592931937173
610,611,43.404345140112014,965.4087136929461,708.8360995850622,182.96473029045643,397.246887966805
611,612,49.6247534841264,1327.6545454545455,671.7900826446281,196.77685950413223,340.699173553719
612,613,50.033984785222074,1356.618932038835,1020.1019417475728,215.95873786407768,421.7342233009709
613,614,40.36765556871542,1119.2708719851578,1093.6864564007421,195.35250463821893,533.9647495361781
614,615,52.764711678776024,900.7122302158274,557.0935251798561,178.67805755395685,526.7841726618705
615,616,11.715954118852247,1096.766081871345,836.7426900584795,162.86939571150097,504.57504873294346
616,617,52.815588174226335,1216.6635220125786,828.0524109014675,233.69706498951783,483.35744234800836
617,618,28.349219270139205,1171.8059866962305,806.4190687361419,209.41019955654102,579.6662971175166
618,619,41.612861361210925,782.4265536723163,690.0960451977401,149.46610169491527,695.8107344632768
619,620,22.08129808744933,1242.818987341772,980.5075949367089,168.7759493670886,494.0632911392405
620,621,7.380760725561485,653.5593220338983,779.6640079760717,135.9940179461615,418.5244267198405
621,622,13.72430616291339,876.1069651741293,860.1318407960199,158.93407960199005,504.5758706467662
622,623,32.14157594419318,947.0532128514056,675.8072289156627,172.38253012048193,377.04417670682733
623,624,29.89146924946376,968.8538961038961,714.5909090909091,227.63311688311688,490.7142857142857
624,625,28.06965713855075,1139.2589612289685,1157.0007315288954,221.55376737381127,448.4323335771763
625,626,40.69878674883174,1226.8408736349454,928.0530421216848,223.62870514820594,362.0499219968799
626,627,38.299603877632705,850.9937888198758,698.7406832298136,196.65217391304347,483.1925465838509
627,628,33.371012100896245,864.6386233269599,992.208413001912,181.79732313575525,430.46653919694074
628,629,39.819221496223896,1265.8245033112582,809.2207505518763,210.82781456953643,398.8576158940397
629,630,42.953665891911285,1088.447194719472,692.3861386138614,206.27392739273927,441.483498349835
630,631,40.20425848263687,1450.081418253447,1236.085357846356,174.58699934340117,405.87852921864743
631,632,38.390882367518344,1353.2144899904672,827.2211630123927,180.5633937082936,367.7759771210677
632,633,12.945383037431924,761.4552401746724,1145.8078602620087,164.9934497816594,429.7576419213974
633,634,8.738086706489597,983.5917721518987,900.0870253164557,146.5253164556962,520.1424050632911
634,635,18.967341365589906,1006.599531615925,824.9707259953161,179.22599531615924,485.1580796252927
635,636,28.709581506281406,971.0978494623656,835.6172043010753,175.7247311827957,532.7913978494623
636,637,38.80005607016749,1075.0985373364126,734.769053117783,185.26943802925328,481.8822170900693
637,638,33.044618803884134,1321.1111934766493,931.0600444773906,217.88065233506302,451.3565604151223
638,639,27.89108808953265,1099.05931198102,598.2870699881377,245.6785290628707,461.4056939501779
639,640,35.9492698755108,1172.3233674272226,839.8615263571991,183.87726199842643,452.75531077891424
640,641,16.900562290461053,1033.7021052631578,1004.4563157894737,195.11631578947367,336.2473684210526
641,642,26.502982666496923,1070.566265060241,868.1260426320667,176.6265060240964,429.34569045412417
642,643,32.4338044715137,1217.2410071942445,967.1719424460432,181.0115107913669,461.00935251798563
643,644,8.94299056842939,803.0577956989247,768.619623655914,149.877688172043,647.122311827957
644,645,19.9645144207689,979.546511627907,845.484496124031,189.584496124031,428.91472868217056
645,646,25.511664144513905,1104.8525798525798,1143.961506961507,209.86158886158887,458.74201474201476
646,647,18.711985181758976,1043.9059304703476,1188.1932515337423,177.36503067484662,384.0255623721881
647,648,27.372395399987223,973.8337264150944,728.4186320754717,221.30896226415095,626.1426886792453
648,649,15.181356502964213,847.3855585831062,674.741144414169,159.8474114441417,621.2098092643051
649,650,9.782083580283755,743.3360995850622,819.7617071724956,153.41849436870183,242.69946650859515
650,651,12.03098343811605,1049.3951890034364,898.9816723940435,187.47766323024055,369.8946162657503
651,652,10.748226307417918,941.6563146997929,1042.1221532091097,160.83022774327122,395.64596273291926
652,653,17.222520748512505,977.3818722139673,1028.6151560178307,193.93610698365526,451.98216939078753
653,654,23.472489615237336,1158.8154761904761,963.3705357142857,222.23511904761904,561.71875
654,655,20.599576757731437,995.6569885212695,1068.9729912221471,177.53072248480757,491.73801485482784
655,656,23.210744572284053,1279.948085658663,1075.44776119403,197.18689162881245,552.0525632706035
656,657,26.1318746127725,1140.3086854460093,742.5833333333334,155.44131455399062,455.4401408450704
657,658,9.236744030445443,910.858913250715,723.4957102001906,210.43469971401333,430.59389895138224
658,659,22.879613436199435,926.3739495798319,900.7079831932773,176.9096638655462,449.0567226890756
659,660,6.878051456987802,655.8072289156627,676.3012048192771,176.29317269076304,523.9759036144578
660,661,17.3297081042585,1071.4158815612382,981.328398384926,191.81292059219382,576.4804845222072
661,662,12.102194557249863,839.3700906344411,626.8262839879154,155.27794561933536,528.3836858006042
662,663,9.208383477151077,690.1776649746192,909.8984771573604,175.0989847715736,478.70558375634516
663,664,13.625579376435947,1249.8880546075086,1253.9399317406144,164.57474402730375,444.5344709897611
664,665,10.807056505334565,746.2711323763955,739.4314194577353,158.55502392344496,578.4545454545455
665,666,10.358742989439806,724.9199683042789,579.6251980982568,144.67670364500793,509.4080824088748
666,667,6.582410162212308,420.81875,176.72291666666666,121.17291666666667,528.55625
667,668,15.645944879281494,674.1151685393259,615.2837078651686,161.36797752808988,401.70786516853934
668,669,8.642208079728853,905.9596367305752,719.5277497477296,167.52169525731586,481.39455095862763
669,670,8.37750610137418,742.4189852700491,817.7258592471359,156.31178396072013,488.25859247135844
670,671,12.227144583144796,881.2609665427509,758.7732342007434,145.17100371747213,490.5895910780669
671,672,8.502618490275312,596.2886029411765,666.1507352941177,165.00367647058823,550.7996323529412
672,673,5.886938645501312,502.1651982378855,647.3370044052864,181.08149779735683,761.1828193832599
